0.1   0.5   0.25   8.15866651610565   
0.1   0.5   0.5   8.31187548455323   
0.1   0.5   0.75   8.64396224014977   
0.1   0.5   1.0   8.11344297976218   
0.1   0.5   1.25   8.690511183103833   
0.1   0.6   0.25   8.522064216240894   
0.1   0.6   0.5   8.277512796990504   
0.1   0.6   0.75   8.397431260938973   
0.1   0.6   1.0   8.390046832887155   
0.1   0.6   1.25   8.544703212109276   
0.1   0.7   0.25   7.774715959512617   
0.1   0.7   0.5   8.482936881181292   
0.1   0.7   0.75   7.904554819397845   
0.1   0.7   1.0   8.232682828055848   
0.1   0.7   1.25   8.27268082665756   
0.1   0.7999999999999999   0.25   7.970261932302622   
0.1   0.7999999999999999   0.5   8.143420815417795   
0.1   0.7999999999999999   0.75   7.84831773989996   
0.1   0.7999999999999999   1.0   8.066807059713309   
0.1   0.7999999999999999   1.25   8.147496079247627   
0.1   0.8999999999999999   0.25   8.469749255130095   
0.1   0.8999999999999999   0.5   8.324432482154135   
0.1   0.8999999999999999   0.75   8.633553679812227   
0.1   0.8999999999999999   1.0   8.363551228665306   
0.1   0.8999999999999999   1.25   8.558444682925654   
0.1   0.9999999999999999   0.25   8.338357210094166   
0.1   0.9999999999999999   0.5   8.256531886155075   
0.1   0.9999999999999999   0.75   8.640701069002748   
0.1   0.9999999999999999   1.0   8.398531402894635   
0.1   0.9999999999999999   1.25   8.007586589410758   
0.2   0.5   0.25   8.695163138210402   
0.2   0.5   0.5   8.70943494386125   
0.2   0.5   0.75   8.533604452055904   
0.2   0.5   1.0   8.775256255799992   
0.2   0.5   1.25   8.693466136953258   
0.2   0.6   0.25   8.862705408617552   
0.2   0.6   0.5   8.667337714330182   
0.2   0.6   0.75   8.494001149471938   
0.2   0.6   1.0   8.352900123856763   
0.2   0.6   1.25   8.813591313425357   
0.2   0.7   0.25   8.614561043716284   
0.2   0.7   0.5   8.386343273758966   
0.2   0.7   0.75   8.569503376451639   
0.2   0.7   1.0   8.767596740149877   
0.2   0.7   1.25   8.63705182478629   
0.2   0.7999999999999999   0.25   8.433158812681976   
0.2   0.7999999999999999   0.5   8.463475375252546   
0.2   0.7999999999999999   0.75   8.44093057132863   
0.2   0.7999999999999999   1.0   8.561544619166616   
0.2   0.7999999999999999   1.25   8.64780073585313   
0.2   0.8999999999999999   0.25   8.42941542926014   
0.2   0.8999999999999999   0.5   8.450599225715777   
0.2   0.8999999999999999   0.75   8.160894473452686   
0.2   0.8999999999999999   1.0   8.187660903554626   
0.2   0.8999999999999999   1.25   8.399274053365266   
0.2   0.9999999999999999   0.25   8.291001690320225   
0.2   0.9999999999999999   0.5   8.39989671570282   
0.2   0.9999999999999999   0.75   8.534317789700278   
0.2   0.9999999999999999   1.0   8.176064400491091   
0.2   0.9999999999999999   1.25   8.389105996742565   
0.30000000000000004   0.5   0.25   9.102041597112262   
0.30000000000000004   0.5   0.5   8.76014388610204   
0.30000000000000004   0.5   0.75   8.693519157585413   
0.30000000000000004   0.5   1.0   8.703708089426813   
0.30000000000000004   0.5   1.25   8.705813428399177   
0.30000000000000004   0.6   0.25   8.788424294836533   
0.30000000000000004   0.6   0.5   8.918862509621544   
0.30000000000000004   0.6   0.75   8.876822488726608   
0.30000000000000004   0.6   1.0   9.072081963206049   
0.30000000000000004   0.6   1.25   8.685273043899981   
0.30000000000000004   0.7   0.25   8.323586559766344   
0.30000000000000004   0.7   0.5   8.823891612693064   
0.30000000000000004   0.7   0.75   9.058645739314079   
0.30000000000000004   0.7   1.0   8.811015573812295   
0.30000000000000004   0.7   1.25   8.766576477590258   
0.30000000000000004   0.7999999999999999   0.25   8.582202897143205   
0.30000000000000004   0.7999999999999999   0.5   8.735844271141982   
0.30000000000000004   0.7999999999999999   0.75   8.44659113961146   
0.30000000000000004   0.7999999999999999   1.0   8.608241916096079   
0.30000000000000004   0.7999999999999999   1.25   8.610220392157654   
0.30000000000000004   0.8999999999999999   0.25   8.560603106646537   
0.30000000000000004   0.8999999999999999   0.5   8.504754711844338   
0.30000000000000004   0.8999999999999999   0.75   8.502005438416102   
0.30000000000000004   0.8999999999999999   1.0   8.237065472873033   
0.30000000000000004   0.8999999999999999   1.25   8.643074722873273   
0.30000000000000004   0.9999999999999999   0.25   8.569754177163457   
0.30000000000000004   0.9999999999999999   0.5   8.622216669872993   
0.30000000000000004   0.9999999999999999   0.75   8.32553412442023   
0.30000000000000004   0.9999999999999999   1.0   8.499377360775572   
0.30000000000000004   0.9999999999999999   1.25   8.312208773431859   
0.4   0.5   0.25   9.089715030858132   
0.4   0.5   0.5   8.867001253202778   
0.4   0.5   0.75   9.02459364615304   
0.4   0.5   1.0   9.044765635293878   
0.4   0.5   1.25   9.21265634060621   
0.4   0.6   0.25   8.726663142386625   
0.4   0.6   0.5   8.949959438078041   
0.4   0.6   0.75   8.876478047611817   
0.4   0.6   1.0   8.983772274474038   
0.4   0.6   1.25   8.89294751261182   
0.4   0.7   0.25   8.685859847499447   
0.4   0.7   0.5   8.94046857622834   
0.4   0.7   0.75   9.101927004436568   
0.4   0.7   1.0   8.93314121791857   
0.4   0.7   1.25   8.888604668525497   
0.4   0.7999999999999999   0.25   8.493499725706108   
0.4   0.7999999999999999   0.5   8.652409792664011   
0.4   0.7999999999999999   0.75   8.863257125425621   
0.4   0.7999999999999999   1.0   9.133793812662795   
0.4   0.7999999999999999   1.25   8.930180759471714   
0.4   0.8999999999999999   0.25   8.566175171821634   
0.4   0.8999999999999999   0.5   8.686990034420768   
0.4   0.8999999999999999   0.75   8.789145534128942   
0.4   0.8999999999999999   1.0   8.63837821165723   
0.4   0.8999999999999999   1.25   8.593221711730886   
0.4   0.9999999999999999   0.25   8.564935274001911   
0.4   0.9999999999999999   0.5   8.917886290015833   
0.4   0.9999999999999999   0.75   8.487213128856034   
0.4   0.9999999999999999   1.0   8.874423765259548   
0.4   0.9999999999999999   1.25   8.751710307131837   
0.5   0.5   0.25   9.01167778658176   
0.5   0.5   0.5   9.368903606208216   
0.5   0.5   0.75   9.202064407124483   
0.5   0.5   1.0   9.140685880082284   
0.5   0.5   1.25   9.356581688733431   
0.5   0.6   0.25   8.822528600154374   
0.5   0.6   0.5   8.887053746583755   
0.5   0.6   0.75   9.058248769302438   
0.5   0.6   1.0   9.286426921655623   
0.5   0.6   1.25   9.208456847047865   
0.5   0.7   0.25   9.0350779945223   
0.5   0.7   0.5   9.099186188886701   
0.5   0.7   0.75   9.123185585519574   
0.5   0.7   1.0   9.188092141151659   
0.5   0.7   1.25   9.098651009357095   
0.5   0.7999999999999999   0.25   8.627948338040936   
0.5   0.7999999999999999   0.5   9.118426292876062   
0.5   0.7999999999999999   0.75   8.699608322426826   
0.5   0.7999999999999999   1.0   8.786953949076397   
0.5   0.7999999999999999   1.25   8.890204514303884   
0.5   0.8999999999999999   0.25   8.815648242704544   
0.5   0.8999999999999999   0.5   8.670434415038235   
0.5   0.8999999999999999   0.75   8.873092016270627   
0.5   0.8999999999999999   1.0   8.775456442241456   
0.5   0.8999999999999999   1.25   9.088082863323532   
0.5   0.9999999999999999   0.25   8.795044696477426   
0.5   0.9999999999999999   0.5   8.625781412898451   
0.5   0.9999999999999999   0.75   8.465582960998837   
0.5   0.9999999999999999   1.0   8.669946165273263   
0.5   0.9999999999999999   1.25   8.902732275342519   
0.6   0.5   0.25   9.191832422932729   
0.6   0.5   0.5   9.386494199686425   
0.6   0.5   0.75   9.45283068364018   
0.6   0.5   1.0   9.332571799890378   
0.6   0.5   1.25   9.199444109897033   
0.6   0.6   0.25   9.089949712363175   
0.6   0.6   0.5   9.187849345288765   
0.6   0.6   0.75   9.074627176976913   
0.6   0.6   1.0   9.184326134982392   
0.6   0.6   1.25   9.130121854937823   
0.6   0.7   0.25   9.025874829568574   
0.6   0.7   0.5   9.051944017608612   
0.6   0.7   0.75   9.081451223012062   
0.6   0.7   1.0   9.12704615313986   
0.6   0.7   1.25   9.224516551742875   
0.6   0.7999999999999999   0.25   8.931588517385698   
0.6   0.7999999999999999   0.5   9.129742270426892   
0.6   0.7999999999999999   0.75   9.135052008321297   
0.6   0.7999999999999999   1.0   9.190639548271871   
0.6   0.7999999999999999   1.25   8.944242333059652   
0.6   0.8999999999999999   0.25   9.050029913168922   
0.6   0.8999999999999999   0.5   8.828106646682233   
0.6   0.8999999999999999   0.75   9.021300415611035   
0.6   0.8999999999999999   1.0   8.909936368762741   
0.6   0.8999999999999999   1.25   9.046673322517936   
0.6   0.9999999999999999   0.25   9.009358455492267   
0.6   0.9999999999999999   0.5   8.76990041712239   
0.6   0.9999999999999999   0.75   8.705122355761876   
0.6   0.9999999999999999   1.0   8.94281921928571   
0.6   0.9999999999999999   1.25   8.929698495290301   
0.7   0.5   0.25   9.562843160270148   
0.7   0.5   0.5   9.506990985203688   
0.7   0.5   0.75   9.591199465148987   
0.7   0.5   1.0   9.457600560967554   
0.7   0.5   1.25   8.736739068393586   
0.7   0.6   0.25   9.401420797309758   
0.7   0.6   0.5   9.303281215673369   
0.7   0.6   0.75   9.358393761776224   
0.7   0.6   1.0   9.442352826903395   
0.7   0.6   1.25   9.001085601555237   
0.7   0.7   0.25   9.094169433061138   
0.7   0.7   0.5   9.021265555095471   
0.7   0.7   0.75   9.026671101805661   
0.7   0.7   1.0   9.362318412272076   
0.7   0.7   1.25   9.113637861634404   
0.7   0.7999999999999999   0.25   9.14300143188786   
0.7   0.7999999999999999   0.5   8.708704200062975   
0.7   0.7999999999999999   0.75   9.001454113963765   
0.7   0.7999999999999999   1.0   9.316258715010397   
0.7   0.7999999999999999   1.25   9.130903677841987   
0.7   0.8999999999999999   0.25   9.004503986856795   
0.7   0.8999999999999999   0.5   8.916605074249917   
0.7   0.8999999999999999   0.75   9.087005681721495   
0.7   0.8999999999999999   1.0   8.930452756562765   
0.7   0.8999999999999999   1.25   8.768803101631867   
0.7   0.9999999999999999   0.25   8.84447148383333   
0.7   0.9999999999999999   0.5   8.870581549941562   
0.7   0.9999999999999999   0.75   9.001955824235461   
0.7   0.9999999999999999   1.0   9.033635972249543   
0.7   0.9999999999999999   1.25   9.3135188888864   
0.7999999999999999   0.5   0.25   9.54086660459201   
0.7999999999999999   0.5   0.5   9.697046818522093   
0.7999999999999999   0.5   0.75   9.568182935435564   
0.7999999999999999   0.5   1.0   8.843122630017   
0.7999999999999999   0.5   1.25   8.326168767413769   
0.7999999999999999   0.6   0.25   9.51407850893555   
0.7999999999999999   0.6   0.5   9.505878740079726   
0.7999999999999999   0.6   0.75   9.435659232127945   
0.7999999999999999   0.6   1.0   9.32724455514145   
0.7999999999999999   0.6   1.25   9.132609962662157   
0.7999999999999999   0.7   0.25   9.074172869816904   
0.7999999999999999   0.7   0.5   9.395502205680987   
0.7999999999999999   0.7   0.75   9.433672432710587   
0.7999999999999999   0.7   1.0   9.421589749064   
0.7999999999999999   0.7   1.25   9.094817525075898   
0.7999999999999999   0.7999999999999999   0.25   8.892142792590237   
0.7999999999999999   0.7999999999999999   0.5   9.057608674681267   
0.7999999999999999   0.7999999999999999   0.75   9.243408595174184   
0.7999999999999999   0.7999999999999999   1.0   9.338374949770948   
0.7999999999999999   0.7999999999999999   1.25   9.054215526316668   
0.7999999999999999   0.8999999999999999   0.25   9.047937896223244   
0.7999999999999999   0.8999999999999999   0.5   8.952274163606535   
0.7999999999999999   0.8999999999999999   0.75   9.072232972028898   
0.7999999999999999   0.8999999999999999   1.0   9.014357668571696   
0.7999999999999999   0.8999999999999999   1.25   9.30057894278968   
0.7999999999999999   0.9999999999999999   0.25   8.874658772446287   
0.7999999999999999   0.9999999999999999   0.5   9.150610604621468   
0.7999999999999999   0.9999999999999999   0.75   9.127466581715575   
0.7999999999999999   0.9999999999999999   1.0   8.960030158209985   
0.7999999999999999   0.9999999999999999   1.25   9.027748480880847   
0.8999999999999999   0.5   0.25   9.459477839786997   
0.8999999999999999   0.5   0.5   9.717271872319174   
0.8999999999999999   0.5   0.75   9.358343768428059   
0.8999999999999999   0.5   1.0   9.157951856272334   
0.8999999999999999   0.5   1.25   7.887794775488972   
0.8999999999999999   0.6   0.25   9.618207064922121   
0.8999999999999999   0.6   0.5   9.598294929283295   
0.8999999999999999   0.6   0.75   9.65382997374133   
0.8999999999999999   0.6   1.0   9.279120699919577   
0.8999999999999999   0.6   1.25   8.707560409707822   
0.8999999999999999   0.7   0.25   9.488408944551624   
0.8999999999999999   0.7   0.5   9.566429279998573   
0.8999999999999999   0.7   0.75   9.664929706183841   
0.8999999999999999   0.7   1.0   9.488270689069077   
0.8999999999999999   0.7   1.25   9.327966159685785   
0.8999999999999999   0.7999999999999999   0.25   9.03987991008955   
0.8999999999999999   0.7999999999999999   0.5   9.253544925949788   
0.8999999999999999   0.7999999999999999   0.75   9.200857343419791   
0.8999999999999999   0.7999999999999999   1.0   9.430870996435058   
0.8999999999999999   0.7999999999999999   1.25   9.25557329766929   
0.8999999999999999   0.8999999999999999   0.25   9.126983108083063   
0.8999999999999999   0.8999999999999999   0.5   9.179599895559814   
0.8999999999999999   0.8999999999999999   0.75   9.323920024845318   
0.8999999999999999   0.8999999999999999   1.0   9.295878753539922   
0.8999999999999999   0.8999999999999999   1.25   9.234895188042698   
0.8999999999999999   0.9999999999999999   0.25   8.75232896144292   
0.8999999999999999   0.9999999999999999   0.5   9.16440317281733   
0.8999999999999999   0.9999999999999999   0.75   9.14108092460337   
0.8999999999999999   0.9999999999999999   1.0   9.069541144407944   
0.8999999999999999   0.9999999999999999   1.25   9.018390453016293
